type = "geographicAnchor"
width = 1_000
height = 500

[position]
x = -700.7698440106795
y = -552.0531743360857
